
Masukkan banyaknya titik : 5

Daftar Poin : 
(504,796)
(120,922)
(501,242)
(646,230)
(392,644)

Titik penyusun convex hull : 
[(120,922), (504,796), (646,230), (120,922)]

Waktu yang dibutuhkan untuk membentuk convex hull : 9 ms



Masukkan banyaknya titik : 10

Daftar Poin : 
(607,802)
(853,520)
(362,888)
(389,605)
(16,96)
(796,48)
(281,228)
(301,460)
(331,749)
(650,86)

Titik penyusun convex hull : 
[(16,96), (362,888), (607,802), (853,520), (16,96)]

Waktu yang dibutuhkan untuk membentuk convex hull : 56 ms

Masukkan banyaknya titik : 20

Daftar Poin : 
(738,505)
(127,884)
(965,521)
(764,42)
(811,43)
(131,935)
(618,879)
(914,514)
(441,94)
(202,595)
(404,43)
(3,458)
(223,67)
(281,920)
(8,829)
(333,747)
(687,812)
(983,652)
(333,748)
(46,496)

Titik penyusun convex hull : 
[(3,458), (223,67), (404,43), (764,42), (811,43), (965,521), (983,652), (618,879), (281,920), (131,935), (3,458)]

Waktu yang dibutuhkan untuk membentuk convex hull : 319 ms

Masukkan banyaknya titik : 50

Daftar Poin : 
(627,14)
(585,448)
(967,179)
(608,570)
(280,568)
(416,980)
(202,233)
(353,473)
(207,312)
(477,975)
(399,868)
(123,779)
(257,245)
(992,803)
(184,158)
(865,811)
(524,802)
(259,844)
(981,220)
(414,262)
(140,830)
(242,343)
(64,595)
(816,623)
(259,645)
(598,658)
(513,74)
(437,122)
(671,781)
(926,856)
(291,791)
(19,816)
(593,631)
(12,575)
(203,426)
(189,343)
(608,431)
(38,24)
(378,207)
(648,637)
(852,598)
(647,718)
(672,437)
(840,344)
(218,766)
(552,862)
(909,923)
(30,855)
(906,42)
(782,109)

Titik penyusun convex hull : 
[(12,575), (19,816), (30,855), (416,980), (477,975), (909,923), (992,803), (981,220), (967,179), (906,42), (627,14), (12,575)]

Waktu yang dibutuhkan untuk membentuk convex hull : 3637 ms


